Thickness	P (Bar)	T_30_80_3	T_40_80_3	T_50_80_3	T_60_80_3	T_70_80_3	T_80_80_3
0 	0 	0 	0 	0 	0 	0 	0 
1 	270 	9 	13 	16 	19 	23 	26 
2 	539 	18 	25 	31 	38 	45 	51 
3 	809 	27 	37 	47 	57 	67 	77 
4 	1078 	35 	48 	61 	75 	88 	101 
5 	1348 	43 	59 	76 	93 	109 	126 
6 	1617 	50 	70 	90 	110 	130 	150 
7 	1887 	57 	81 	104 	127 	151 	174 
8 	2156 	64 	91 	117 	144 	171 	197 
9 	2426 	71 	101 	131 	161 	191 	221 
10 	2695 	77 	110 	143 	177 	210 	243 
11 	2965 	83 	119 	156 	193 	229 	266 
12 	3234 	89 	129 	169 	209 	249 	289 
13 	3504 	95 	138 	181 	225 	268 	311 
14 	3773 	100 	147 	194 	240 	287 	334 
15 	4043 	106 	156 	206 	256 	306 	356 
16 	4312 	111 	165 	218 	271 	325 	378 
17 	4582 	117 	173 	230 	287 	343 	400 
18 	4851 	122 	182 	242 	302 	362 	422 
19 	5121 	127 	190 	254 	317 	380 	444 
20 	5390 	132 	199 	265 	332 	399 	465 
21 	5660 	137 	207 	277 	347 	417 	487 
22 	5929 	141 	215 	288 	361 	435 	508 
23 	6199 	146 	223 	299 	376 	453 	529 
24 	6468 	150 	230 	310 	390 	470 	550 
25 	6738 	155 	238 	321 	405 	488 	571 
26 	7007 	159 	245 	332 	419 	505 	592 
27 	7277 	163 	253 	343 	433 	523 	613 
28 	7546 	168 	262 	356 	450 	544 	638 
29 	7816 	172 	270 	368 	466 	564 	662 
30 	8085 	177 	279 	381 	483 	585 	687 
31 	8355 	181 	287 	393 	499 	605 	711 
32 	8624 	185 	295 	405 	515 	625 	735 
33 	8894 	189 	303 	417 	531 	645 	759 
34 	9163 	193 	311 	429 	547 	665 	783 
35 	9433 	197 	319 	441 	563 	685 	807 
36 	9702 	201 	327 	453 	579 	705 	831 
37 	9972 	204 	334 	464 	594 	724 	854 
38 	10241 	208 	342 	476 	610 	744 	878 
39 	10511 	211 	349 	487 	625 	763 	901 
40 	10780 	215 	357 	499 	641 	783 	925 
41 	11050 	218 	364 	510 	656 	802 	948 
42 	11319 	221 	371 	521 	671 	821 	971 
43 	11589 	224 	378 	532 	686 	840 	994 
44 	11858 	226 	384 	542 	700 	858 	1016 
45 	12128 	229 	391 	553 	715 	877 	1039 
46 	12397 	232 	398 	564 	730 	896 	1062 
47 	12667 	234 	404 	574 	744 	914 	1084 
48 	12936 	236 	410 	584 	758 	932 	1106 
49 	13206 	238 	416 	594 	772 	950 	1128 
50 	13475 	241 	423 	605 	787 	969 	1151 
51 	13745 	242 	428 	614 	800 	986 	1172 
52 	14014 	244 	434 	624 	814 	1004 	1194 
53 	14284 	246 	440 	634 	828 	1022 	1216 
54 	14553 	248 	446 	644 	842 	1040 	1238 
55 	14823 	249 	452 	655 	858 	1061 	1264 
56 	15092 	251 	459 	667 	875 	1083 	1291 
57 	15362 	253 	466 	679 	892 	1105 	1318 
58 	15631 	255 	473 	691 	909 	1127 	1345 
59 	15901 	256 	479 	702 	925 	1148 	1371 
60 	16170 	257 	485 	713 	941 	1169 	1397 
61 	16440 	259 	492 	725 	958 	1191 	1424 
62 	16709 	260 	498 	736 	974 	1212 	1450 
63 	16979 	261 	504 	747 	990 	1233 	1476 
64 	17248 	262 	510 	758 	1006 	1254 	1502 
65 	17518 	263 	516 	769 	1022 	1275 	1528 
66 	17787 	264 	522 	780 	1038 	1296 	1554 
67 	18057 	264 	527 	790 	1053 	1316 	1579 
68 	18326 	265 	533 	801 	1069 	1337 	1605 
69 	18596 	266 	539 	812 	1085 	1358 	1631 
70 	18865 	266 	544 	822 	1100 	1378 	1656 
71 	19135 	266 	549 	832 	1115 	1398 	1681 
72 	19404 	266 	554 	842 	1130 	1418 	1706 
73 	19674 	267 	560 	853 	1146 	1439 	1732 
74 	19943 	267 	565 	863 	1161 	1459 	1757 
75 	20213 	266 	569 	872 	1175 	1478 	1781 
76 	20482 	266 	574 	882 	1190 	1498 	1806 
77 	20752 	266 	579 	892 	1205 	1518 	1831 
78 	21021 	266 	584 	902 	1220 	1538 	1856 
79 	21291 	265 	588 	911 	1234 	1557 	1880 
80 	21560 	264 	592 	920 	1248 	1576 	1904 
81 	25799 	264 	595 	925 	1256 	1586 	1917 
82 	26117 	264 	597 	930 	1263 	1596 	1929 
83 	26436 	264 	599 	935 	1270 	1606 	1941 
84 	26754 	263 	601 	939 	1277 	1615 	1953 
85 	27073 	263 	604 	944 	1285 	1625 	1966 
86 	27391 	263 	606 	949 	1292 	1635 	1978 
87 	27710 	262 	608 	953 	1299 	1644 	1990 
88 	28028 	262 	610 	958 	1306 	1654 	2002 
89 	28347 	262 	612 	963 	1313 	1664 	2014 
90 	28665 	262 	615 	968 	1321 	1674 	2027 
91 	28984 	261 	617 	972 	1328 	1683 	2039 
92 	29302 	261 	619 	977 	1335 	1693 	2051 
93 	29621 	261 	621 	982 	1342 	1703 	2063 
94 	29939 	260 	623 	986 	1349 	1712 	2075 
95 	30258 	260 	626 	991 	1357 	1722 	2088 
96 	30576 	260 	628 	996 	1364 	1732 	2100 
97 	30895 	259 	630 	1000 	1371 	1741 	2112 
98 	31213 	259 	632 	1005 	1378 	1751 	2124 
99 	31532 	259 	634 	1010 	1385 	1761 	2136 
100 	31850 	258 	636 	1014 	1392 	1770 	2148 
101 	32169 	258 	639 	1019 	1400 	1780 	2161 
102 	32487 	258 	641 	1024 	1407 	1790 	2173 
103 	32806 	257 	643 	1028 	1414 	1799 	2185 
104 	33124 	257 	645 	1033 	1421 	1809 	2197 
105 	33443 	257 	647 	1038 	1428 	1819 	2209 
106 	33761 	256 	649 	1042 	1435 	1828 	2221 
107 	34080 	256 	652 	1047 	1443 	1838 	2234 
108 	34398 	256 	654 	1052 	1450 	1848 	2246 
109 	34717 	255 	656 	1056 	1457 	1857 	2258 
110 	35035 	255 	658 	1061 	1464 	1867 	2270 
111 	35354 	255 	660 	1066 	1471 	1877 	2282 
112 	35672 	254 	662 	1070 	1478 	1886 	2294 
113 	35991 	254 	664 	1075 	1485 	1896 	2306 
114 	36309 	254 	667 	1080 	1493 	1906 	2319 
115 	36628 	253 	669 	1084 	1500 	1915 	2331 
116 	36946 	253 	671 	1089 	1507 	1925 	2343 
117 	37265 	253 	673 	1094 	1514 	1935 	2355 
118 	37583 	252 	675 	1098 	1521 	1944 	2367 
119 	37902 	252 	677 	1103 	1528 	1954 	2379 
120 	38220 	251 	679 	1107 	1535 	1963 	2391 
121 	38539 	251 	682 	1112 	1543 	1973 	2404 
122 	38857 	251 	684 	1117 	1550 	1983 	2416 
123 	39176 	250 	686 	1121 	1557 	1992 	2428 
124 	39494 	250 	688 	1126 	1564 	2002 	2440 
125 	39813 	249 	690 	1130 	1571 	2011 	2452 
126 	40131 	249 	692 	1135 	1578 	2021 	2464 
127 	40450 	249 	694 	1140 	1585 	2031 	2476 
128 	40768 	248 	696 	1144 	1592 	2040 	2488 
129 	41087 	248 	698 	1149 	1599 	2050 	2500 
130 	41405 	247 	700 	1153 	1606 	2059 	2512 
131 	41724 	247 	703 	1158 	1614 	2069 	2525 
132 	42042 	247 	705 	1163 	1621 	2079 	2537 
133 	42361 	246 	707 	1167 	1628 	2088 	2549 
134 	42679 	246 	709 	1172 	1635 	2098 	2561 
135 	42998 	245 	711 	1176 	1642 	2107 	2573 
136 	43316 	245 	713 	1181 	1649 	2117 	2585 
137 	43635 	245 	715 	1186 	1656 	2127 	2597 
138 	43953 	244 	717 	1190 	1663 	2136 	2609 
139 	44272 	244 	719 	1195 	1670 	2146 	2621 
140 	44590 	243 	721 	1199 	1677 	2155 	2633 
141 	44909 	243 	723 	1204 	1684 	2165 	2645 
142 	45227 	242 	725 	1208 	1691 	2174 	2657 
143 	45546 	242 	728 	1213 	1699 	2184 	2670 
144 	45864 	242 	730 	1218 	1706 	2194 	2682 
145 	46183 	241 	732 	1222 	1713 	2203 	2694 
146 	46501 	241 	734 	1227 	1720 	2213 	2706 
147 	46820 	240 	736 	1231 	1727 	2222 	2718 
148 	47138 	240 	738 	1236 	1734 	2232 	2730 
149 	47457 	239 	740 	1240 	1741 	2241 	2742 
150 	47775 	239 	742 	1245 	1748 	2251 	2754 
151 	48094 	238 	744 	1249 	1755 	2260 	2766 
152 	48412 	238 	746 	1254 	1762 	2270 	2778 
153 	48731 	238 	748 	1259 	1769 	2280 	2790 
154 	49049 	237 	750 	1263 	1776 	2289 	2802 
155 	49368 	237 	752 	1268 	1783 	2299 	2814 
156 	49686 	236 	754 	1272 	1790 	2308 	2826 
157 	50005 	236 	756 	1277 	1797 	2318 	2838 
158 	50323 	235 	758 	1281 	1804 	2327 	2850 
159 	50642 	235 	760 	1286 	1811 	2337 	2862 
160 	50960 	234 	762 	1290 	1818 	2346 	2874 
161 	51279 	234 	764 	1295 	1825 	2356 	2886 
162 	51597 	233 	766 	1299 	1832 	2365 	2898 
163 	51916 	233 	768 	1304 	1839 	2375 	2910 
164 	52234 	232 	770 	1308 	1846 	2384 	2922 
165 	52553 	232 	772 	1313 	1853 	2394 	2934 
166 	52871 	231 	774 	1317 	1860 	2403 	2946 
167 	53190 	231 	776 	1322 	1867 	2413 	2958 
168 	53508 	230 	778 	1326 	1874 	2422 	2970 
169 	53827 	230 	780 	1331 	1881 	2432 	2982 
170 	54145 	229 	782 	1335 	1888 	2441 	2994 
171 	54464 	229 	784 	1340 	1895 	2451 	3006 
172 	54782 	228 	786 	1344 	1902 	2460 	3018 
173 	55101 	228 	788 	1349 	1909 	2470 	3030 
174 	55419 	227 	790 	1353 	1916 	2479 	3042 
175 	55738 	227 	792 	1358 	1923 	2489 	3054 
176 	56056 	226 	794 	1362 	1930 	2498 	3066 
177 	56375 	226 	796 	1367 	1937 	2508 	3078 
178 	56693 	225 	798 	1371 	1944 	2517 	3090 
179 	57012 	225 	800 	1376 	1951 	2527 	3102 
180 	57330 	224 	802 	1380 	1958 	2536 	3114 
181 	57649 	224 	804 	1385 	1965 	2546 	3126 
182 	57967 	223 	806 	1389 	1972 	2555 	3138 
183 	58286 	223 	808 	1394 	1979 	2565 	3150 
184 	58604 	222 	810 	1398 	1986 	2574 	3162 
185 	58923 	222 	812 	1403 	1993 	2584 	3174 
186 	59241 	221 	814 	1407 	2000 	2593 	3186 
187 	59560 	220 	816 	1411 	2007 	2602 	3198 
188 	59878 	220 	818 	1416 	2014 	2612 	3210 
189 	60197 	219 	820 	1420 	2021 	2621 	3222 
190 	60515 	219 	822 	1425 	2028 	2631 	3234 
191 	60834 	218 	824 	1429 	2035 	2640 	3246 
192 	61152 	218 	826 	1434 	2042 	2650 	3258 
193 	61471 	217 	828 	1438 	2049 	2659 	3270 
194 	61789 	217 	830 	1443 	2056 	2669 	3282 
195 	62108 	216 	832 	1447 	2063 	2678 	3294 
196 	62426 	215 	833 	1451 	2069 	2687 	3305 
197 	62745 	215 	835 	1456 	2076 	2697 	3317 
198 	63063 	214 	837 	1460 	2083 	2706 	3329 
199 	63382 	214 	839 	1465 	2090 	2716 	3341 
200 	63700 	213 	841 	1469 	2097 	2725 	3353 
